253
55
122
88
90
0
0
4
230
214
180
70
2
0
33
1
22
0
0
0
116
47
229
163
224
47
255
40
119
93
0
36
24
73
184
105
56
116
182
65
165
190
125
5
1
185
30
179
255
245
40
23
51
255
132
166
255
14
4
27
148
46
58
7
225
248
21
35
54
88
24
1
227
46
159
200
5
88
50
204
112
66
122
2
100
253
162
19
9
254
92
191
21
179
77
37
154
86
174
238
147
55
121
50
139
46
251
42
228
251
42
237
119
215
94
47
253
44
192
59
20
115
207
192
147
220
134
99
99
59
95
67
251
193
199
247
95
83
44
85
136
194
130
143
222
4
192
99
12
224
234
136
51
0
187
234
155
255
97
26
19
66
199
26
5
0
253
158
104
115
107
80
18
75
224
55
49
24
187
17
41
32
39
84
144
170
247
212
60
108
25
209
42
115
55
186
228
81
2
116
211
182
243
144
147
158
248
66
227
178
98
17
188
241
33
93
82
246
232
205
147
5
248
124
247
55
151
103
156
235
244
223
183
55
53
143
180
216
127
24
26
154
89
35
10
43
9
89
192
82
130
24
148
154
216
60
187
76
232
25
130
29
61
238
47
145
61
151
52
120
184
253
92
152
220
84
71
236
45
249
56
28
101
105
77
255
58
208
117
71
221
253
22
99
228
111
78
90
40
15
228
157
183
175
245
32
177
59
120
198
90
251
74
90
167
48
74
137
89
239
5
186
144
176
173
133
146
117
184
224
180
236
91
163
92
49
205
113
243
226
130
96
212
244
190
87
156
114
173
4
246
168
184
111
16
128
222
160
151
62
103
85
26
94
179
246
53
21
72
74
26
138
234
177
174
129
238
31
34
79
122
13
151
241
82
42
160
197
218
70
224
148
241
218
225
218
64
176
37
13
22
72
139
26
11
89
234
200
166
204
36
107
62
91
78
146
244
252
106
133
197
151
198
37
185
41
234
205
112
97
250
30
123
40
75
30
69
156
136
136
234
236
123
135
209
97
238
89
198
23
2
207
225
95
9
20
54
108
216
210
20
213
89
109
67
239
222
158
243
200
204
193
223
59
136
147
63
227
3
60
70
254
154
134
56
249
37
89
106
122
111
38
85
148
248
122
237
5
242
60
84
71
116
186
83
130
8
30
57
235
246
118
172
90
225
112
97
36
178
243
31
217
179
151
118
226
28
172
77
160
105
56
57
178
126
94
15
46
186
237
191
106
41
53
150
82
248
203
158
101
118
41
124
175
97
199
93
133
253
89
20
144
39
66
76
156
247
38
174
13
52
110
132
205
84
180
191
213
253
65
101
171
47
81
193
125
236
168
138
193
239
174
227
248
148
201
137
131
199
96
21
178
93
77
115
185
205
246
203
218
75
43
4
231
249
1
4
134
70
242
160
48
182
149
182
130
128
112
221
184
157
74
82
109
249
32
202
32
118
67
185
40
207
214
139
234
37
247
21
193
236
205
88
8
149
189
65
87
182
237
216
82
132
120
238
77
246
219
99
163
240
68
57
55
194
101
29
165
85
191
172
77
199
116
135
71
73
225
202
142
100
202
137
30
39
53
197
93
189
229
216
24
170
55
31
88
178
135
9
40
167
178
91
212
165
144
5
6
70
237
37
141
135
251
145
28
196
60
61
16
47
47
44
72
216
5
224
170
98
142
21
179
95
234
192
223
129
231
12
108
186
131
189
58
137
10
103
113
141
66
80
254
45
195
198
243
22
223
252
207
209
67
176
205
60
1
69
140
187
75
163
151
56
136
146
213
183
216
247
45
18
142
227
14
113
165
181
128
127
64
217
7
122
113
88
14
111
142
86
82
211
63
173
225
4
81
250
118
220
101
117
31
117
167
201
167
126
1
25
102
7
234
160
113
9
140
245
166
183
42
127
51
114
152
147
101
239
217
87
243
182
194
104
140
156
61
173
192
62
23
201
194
180
121
179
126
100
3
248
68
193
183
41
162
94
246
59
73
98
197
168
108
242
223
227
248
124
7
156
36
180
72
156
181
139
221
24
177
207
48
173
116
119
14
49
130
14
242
18
240
113
187
131
126
230
121
48
200
19
25
167
120
155
154
143
85
61
123
250
181
129
152
227
181
7
109
35
35
126
70
225
15
203
105
60
169
243
219
253
24
128
139
198
125
82
14
53
101
126
46
108
19
184
219
8
14
99
159
93
151
109
64
88
19
64
69
160
158
85
152
109
90
213
199
208
233
196
65
250
170
180
3
203
17
11
130
51
95
176
30
140
148
184
161
248
133
175
188
203
166
53
192
85
154
234
147
158
24
168
213
143
43
184
97
149
250
20
135
15
239
135
80
217
239
31
220
140
133
9
90
134
184
21
237
176
213
32
184
55
198
40
220
54
184
226
43
132
113
54
195
240
207
251
79
80
174
244
254
5
159
10
244
145
86
184
221
232
77
103
186
98
214
202
14
207
222
44
171
123
78
168
198
42
89
104
188
129
132
243
95
112
143
227
128
224
139
30
124
116
155
227
143
235
206
236
94
164
120
155
144
145
219
158
110
77
149
255
115
223
229
237
76
40
231
112
229
4
27
102
227
161
69
147
173
99
155
119
33
136
198
67
87
146
14
248
42
118
194
137
145
110
105
221
11
93
238
130
26
110
247
100
20
181
16
215
37
18
175
72
99
93
182
223
169
157
105
81
237
156
210
124
40
135
17
173
200
152
183
2
85
160
102
83
62
233
18
153
117
133
28
244
194
47
167
56
81
243
239
241
80
15
124
131
22
149
66
242
31
169
84
112
240
180
55
103
163
163
27
31
225
110
111
179
59
4
188
12
99
171
119
232
80
7
109
186
205
81
241
136
225
32
84
17
125
51
159
44
117
94
120
247
29
137
88
209
9
139
211
182
58
123
239
78
134
170
187
217
226
64
202
211
231
19
106
23
16
166
48
145
53
85
117
45
27
108
250
138
190
89
248
135
25
65
37
158
164
200
20
188
107
218
68
22
163
27
186
235
5
125
6
56
95
177
41
127
101
133
103
132
166
229
202
110
174
130
147
6
8
6
178
47
33
106
118
102
165
24
25
16
222
221
235
234
90
26
194
139
69
131
54
204
178
197
12
48
38
167
24
228
41
248
123
136
58
37
14
250
190
35
207
133
182
220
34
225
51
82
123
145
32
68
195
96
129
90
77
66
237
25
224
100
48
21
148
215
109
212
151
123
154
151
143
223
50
29
247
63
109
235
186
81
27
204
201
212
202
81
205
110
80
150
58
62
127
30
152
185
83
44
246
74
46
99
29
193
188
61
54
101
179
44
163
191
123
250
0
66
186
254
230
39
227
1
80
127
7
211
7
145
111
76
244
154
89
118
72
99
85
58
230
156
221
233
150
8
175
153
32
72
207
43
115
10
239
108
8
211
117
243
128
108
88
12
161
0
239
180
34
113
199
172
54
72
108
140
219
240
5
43
206
184
247
19
244
190
125
125
153
30
5
166
242
76
125
29
80
208
134
225
253
160
28
63
171
165
17
71
225
59
38
107
249
75
91
84
110
27
85
85
27
105
136
167
96
9
252
11
142
19
100
143
20
99
128
70
90
28
208
27
41
144
51
64
156
119
92
183
182
80
49
203
98
22
241
226
157
79
200
211
60
161
171
188
36
27
80
125
117
221
238
17
246
59
219
31
164
29
94
184
136
90
78
184
145
58
195
212
19
211
148
209
61
167
225
221
228
121
210
19
190
120
193
56
245
188
246
196
3
78
63
148
138
26
108
227
105
231
109
255
44
189
52
204
86
93
50
106
118
118
59
244
46
51
50
135
205
83
70
21
85
53
180
141
162
231
24
212
143
180
206
123
216
76
208
248
221
6
119
168
171
252
99
126
99
180
71
197
191
151
141
116
168
243
182
113
47
13
220
213
99
243
88
116
103
158
4
25
89
39
133
2
13
138
74
204
205
18
201
85
225
90
123
197
168
69
131
212
197
180
74
139
119
2
20
204
184
242
149
255
146
40
115
26
1
14
33
162
95
202
187
112
138
40
52
166
198
190
125
57
39
157
253
80
150
201
146
134
208
7
99
201
147
3
62
26
56
34
92
0
139
244
132
229
10
42
35
152
37
159
193
144
117
203
4
23
174
186
86
89
79
64
159
253
12
129
6
50
210
75
159
62
145
41
21
232
144
194
228
54
91
67
203
9
19
107
234
169
125
10
196
100
57
126
253
159
28
164
107
152
205
125
153
61
137
132
155
78
105
21
136
172
201
155
37
170
201
196
78
57
98
143
90
104
245
4
220
73
207
216
106
33
144
138
47
135
71
241
216
136
171
148
119
129
229
252
89
25
182
125
185
214
212
113
33
253
31
103
3
24
190
144
205
6
172
130
149
55
56
15
177
142
191
83
207
63
227
158
158
199
18
52
160
26
137
10
223
25
206
201
143
162
58
109
136
44
173
120
155
151
5
75
8
211
51
163
82
89
248
230
141
94
121
35
224
17
233
30
17
75
16
11
173
196
40
126
84
254
247
76
93
219
47
46
119
31
114
186
144
35
58
167
27
213
37
226
24
129
84
134
151
144
62
130
42
231
125
22
84
95
152
32
83
137
19
155
142
139
252
18
254
249
145
32
243
96
170
125
116
252
198
11
160
83
122
85
191
36
81
70
234
75
128
202
222
227
190
166
46
119
73
30
244
44
40
141
43
54
188
10
182
161
89
45
226
197
111
60
113
137
63
15
95
28
222
217
198
152
105
67
50
213
15
217
134
205
121
25
213
134
159
2
189
110
135
201
88
32
242
193
242
153
220
196
194
114
197
61
114
229
79
162
144
155
250
188
118
89
41
77
210
189
36
204
88
173
185
76
23
105
184
70
229
175
61
73
89
236
57
53
52
66
169
163
81
222
124
75
160
14
13
122
99
124
164
117
7
191
0
134
185
4
136
77
57
123
37
160
188
40
166
89
103
6
250
222
12
102
204
65
138
154
250
59
122
133
101
208
203
202
233
146
109
189
140
24
130
223
138
172
110
216
160
22
22
227
73
29
207
196
247
124
169
156
58
247
36
17
253
35
87
184
229
225
219
168
232
111
254
97
85
77
158
31
233
189
230
171
147
203
92
197
225
240
105
170
214
18
246
160
246
133
123
212
176
8
174
26
142
60
29
187
127
45
229
125
141
108
80
30
173
53
207
192
45
151
172
98
202
238
49
197
106
2
7
68
167
57
1
231
124
248
87
222
88
120
226
67
116
210
235
190
89
34
216
187
235
193
93
0
77
241
123
92
172
195
114
53
16
233
205
244
122
37
39
211
213
241
208
182
63
195
186
94
151
103
249
75
39
211
69
184
54
71
164
141
154
227
63
153
142
148
230
74
173
99
28
129
77
147
41
201
81
157
141
16
219
79
182
62
183
206
38
170
252
221
61
199
238
99
105
241
89
171
86
74
142
151
0
179
227
205
244
253
192
24
102
39
195
218
146
30
89
80
105
60
154
105
92
54
198
198
23
41
175
126
252
123
189
49
206
141
132
174
179
92
40
168
4
231
8
235
145
84
237
114
163
68
45
136
37
166
239
162
108
219
210
131
45
185
223
75
7
47
224
129
106
72
45
48
211
255
37
251
125
198
42
146
237
85
141
47
125
94
181
199
3
77
226
132
67
93
61
139
204
101
17
217
185
16
143
47
122
245
187
169
150
167
154
101
62
36
8
65
201
181
64
124
182
157
64
218
92
170
199
179
215
102
224
91
77
192
17
12
124
185
118
27
160
82
195
162
199
72
43
75
47
163
68
241
14
164
147
123
62
8
100
109
126
213
7
145
3
81
218
77
86
101
85
43
114
213
247
38
88
248
186
46
115
137
250
252
220
237
126
191
197
133
112
12
144
108
66
189
108
136
14
101
253
106
77
242
215
174
225
89
231
198
160
47
5
188
33
75
29
207
105
201
250
210
104
234
136
146
157
53
145
124
215
208
243
54
19
213
130
151
150
78
133
164
167
26
143
60
196
126
240
151
5
54
147
135
32
100
185
74
103
80
198
119
130
15
111
227
150
217
100
0
81
201
24
167
198
234
234
189
38
206
31
172
160
113
170
210
120
14
215
215
239
152
52
202
89
254
136
174
191
224
30
187
79
183
199
236
52
3
42
102
57
170
168
123
42
144
28
117
230
57
2
115
159
153
225
211
19
195
128
42
157
87
175
156
72
57
108
234
28
186
127
220
78
197
35
26
196
138
88
231
7
225
235
203
36
212
115
218
44
43
12
49
43
229
213
60
48
40
153
131
29
4
108
44
84
236
163
136
23
123
106
41
177
22
165
170
152
186
191
184
66
148
40
176
68
182
174
29
32
13
29
90
172
163
178
194
33
106
69
159
153
78
111
155
77
25
115
163
198
212
118
206
61
87
71
163
19
50
110
48
208
80
151
168
155
195
196
2
225
254
236
201
115
17
28
142
56
220
169
171
249
217
55
23
91
191
137
78
29
101
42
48
234
203
202
221
141
149
206
235
117
210
148
161
111
33
204
28
57
22
77
143
226
105
221
1
224
89
48
11
101
249
234
185
67
155
133
135
134
18
228
13
187
191
219
81
109
206
94
163
222
68
80
70
65
141
111
128
8
166
67
18
198
243
168
59
163
32
52
194
170
204
147
241
74
8
72
175
11
42
15
60
217
94
203
208
237
209
107
220
93
7
67
244
212
102
210
16
132
65
51
142
112
188
12
237
212
56
249
149
27
112
240
142
15
92
118
225
14
24
46
80
232
143
199
165
102
189
244
106
238
74
223
30
97
14
70
76
233
64
187
88
145
61
169
166
69
46
96
48
217
137
155
22
212
125
20
173
88
48
167
238
62
250
1
35
31
29
114
130
83
87
178
27
240
140
235
177
200
63
160
151
15
199
137
143
42
216
25
141
1
124
220
69
67
131
66
37
165
138
203
181
19
95
87
153
61
62
75
227
226
162
215
242
134
63
10
112
120
136
100
73
221
73
191
25
201
151
42
249
110
64
135
129
66
226
112
2
50
125
169
173
162
236
72
204
77
254
35
196
16
41
23
111
53
140
188
21
226
92
25
116
152
255
143
142
86
186
49
1
218
93
162
230
236
225
176
8
190
223
151
247
1
252
244
250
100
11
20
156
140
109
99
27
73
204
157
254
104
212
83
65
180
79
70
4
50
207
3
119
151
139
43
229
174
99
1
23
4
250
12
34
79
143
140
121
200
195
248
157
207
91
158
175
112
215
0
48
69
42
154
40
148
17
73
46
239
75
193
181
239
219
43
130
205
209
25
250
253
226
178
252
12
162
220
59
194
223
72
211
75
108
247
76
135
24
28
137
183
111
77
58
210
234
90
250
104
17
196
98
52
209
130
197
119
60
178
93
166
96
166
144
219
199
105
101
15
17
32
157
67
16
159
50
80
33
104
85
67
173
171
125
18
58
153
92
136
101
220
173
230
123
204
180
182
114
62
40
177
6
18
122
5
187
56
42
226
124
155
248
214
220
173
61
108
181
59
114
199
166
185
108
138
93
128
206
81
203
188
213
234
138
96
198
10
240
65
242
115
51
231
235
209
122
77
140
109
0
71
148
157
194
64
54
90
110
115
42
11
253
247
121
223
86
228
113
53
7
123
78
241
241
84
9
186
228
134
19
24
29
193
183
165
117
193
255
18
140
45
135
190
214
118
251
216
23
210
210
110
215
200
53
34
196
231
180
215
201
74
89
236
104
23
154
66
236
111
12
107
150
79
244
0
54
187
57
10
153
108
100
186
186
111
107
30
67
112
42
149
116
219
223
151
191
97
106
98
15
103
135
126
98
5
69
204
173
158
53
107
245
2
224
231
41
191
43
112
234
7
156
190
81
145
81
79
183
143
113
139
192
63
205
214
67
159
17
243
122
68
205
76
55
247
163
57
103
67
143
108
97
166
139
202
94
35
141
55
10
121
13
165
238
233
209
141
212
207
99
102
124
93
2
44
215
209
88
189
66
17
132
109
239
24
14
93
80
149
45
91
151
217
193
50
200
227
21
182
88
245
112
136
218
14
47
76
120
12
81
166
137
19
128
4
162
64
78
158
184
38
71
87
136
1
26
74
116
98
13
189
1
6
81
144
220
85
193
114
183
206
75
69
208
187
70
219
131
245
13
167
156
63
47
120
107
145
195
11
252
123
98
88
36
180
61
13
114
83
210
114
181
178
243
117
51
174
17
172
123
8
228
82
20
77
173
186
239
197
65
30
217
147
141
208
80
117
120
211
251
1
242
217
253
225
239
145
164
45
164
12
221
254
77
153
78
40
247
61
44
40
225
78
39
217
29
90
247
103
5
124
18
220
33
228
91
98
32
157
230
3
77
176
225
54
175
22
206
77
54
46
157
205
126
250
49
109
191
22
100
15
38
233
111
134
23
129
115
41
156
26
98
153
85
148
166
119
167
127
142
87
207
173
204
59
104
105
28
41
32
211
5
127
233
133
30
197
26
37
130
30
133
109
234
42
131
118
120
89
88
107
43
89
33
244
249
177
213
16
114
29
249
233
125
67
111
174
230
230
147
72
83
65
115
228
209
100
69
132
214
133
79
92
81
177
97
107
84
46
189
51
12
157
251
231
89
16
193
65
50
59
39
142
205
67
245
200
100
120
172
105
234
127
37
87
161
168
233
153
136
188
194
192
140
64
16
123
47
30
238
192
47
191
60
43
248
25
108
114
30
203
12
141
95
220
163
183
174
134
88
58
186
32
103
58
223
167
161
115
76
144
127
48
222
69
49
13
216
0
111
121
84
54
6
143
92
80
255
8
48
136
58
96
2
120
1
123
198
138
34
81
53
16
95
139
183
17
174
146
140
26
122
203
154
238
29
146
50
79
146
245
202
95
90
66
210
69
19
167
143
215
177
202
167
153
32
46
239
96
207
10
44
156
217
2
223
204
189
53
122
119
108
177
220
214
141
235
63
41
167
102
141
34
59
121
33
35
28
208
54
115
237
97
66
30
242
46
187
103
46
134
39
88
155
170
205
180
147
101
161
112
12
158
84
219
160
62
135
255
57
151
12
220
84
81
220
187
106
81
58
247
144
155
49
128
52
70
197
155
29
231
238
71
120
58
62
170
75
171
208
131
74
114
217
131
26
190
85
57
133
31
195
81
182
231
120
2
106
33
197
254
235
241
222
42
75
109
28
225
36
173
124
0
107
69
84
228
9
204
156
111
4
83
80
69
207
94
188
215
92
40
170
194
158
130
115
47
227
196
51
229
226
128
155
5
43
135
4
137
60
238
91
118
96
125
224
159
132
152
170
37
118
248
151
246
129
50
54
89
244
54
12
5
14
88
198
113
250
26
160
56
103
180
52
140
154
228
215
183
191
51
187
141
185
221
13
102
15
230
239
253
218
243
118
110
238
210
135
44
230
152
196
71
70
165
24
193
147
180
1
228
107
28
236
212
160
207
188
32
202
24
26
23
74
61
35
254
185
166
214
150
148
141
254
33
31
250
121
164
120
110
202
203
86
69
114
88
8
35
97
30
14
132
65
99
238
122
134
206
60
209
251
92
34
60
28
83
85
23
56
24
207
166
108
126
46
16
114
55
33
150
148
192
244
139
247
164
71
52
117
91
60
27
57
69
13
3
41
232
82
43
159
3
160
89
118
207
116
231
88
209
196
175
103
76
83
232
19
229
93
47
129
243
12
132
84
81
19
23
145
146
162
36
115
122
191
62
212
88
231
30
6
22
56
177
57
42
214
147
86
27
204
80
141
140
185
250
18
196
34
28
194
12
114
5
144
121
117
196
92
198
211
32
248
166
147
140
83
28
54
183
165
143
159
87
253
161
70
157
143
209
109
71
138
95
120
16
147
174
115
51
72
161
57
150
135
28
105
177
158
211
220
202
13
175
200
191
133
184
74
138
102
249
0
194
204
204
56
149
114
156
8
66
187
172
123
86
82
85
186
211
10
236
173
63
220
204
76
203
192
108
38
68
41
214
105
215
48
8
0
83
16
93
238
211
127
162
236
227
185
97
252
242
5
97
66
92
118
75
120
56
197
73
117
5
12
53
19
157
121
27
122
34
79
165
130
35
100
11
143
253
31
69
36
208
214
108
251
25
102
242
210
155
206
213
241
90
136
20
130
194
229
165
146
59
171
178
99
30
16
206
22
101
97
250
15
4
156
117
224
99
81
164
24
116
80
169
226
49
133
117
9
251
175
98
99
49
85
156
245
179
54
117
149
155
32
198
242
75
36
118
206
249
171
26
99
7
27
177
106
25
80
225
125
252
242
145
227
49
127
213
98
135
136
227
200
39
44
195
206
217
133
123
225
103
252
71
13
254
115
184
44
90
177
93
251
156
197
214
241
201
92
168
54
159
180
154
69
220
141
250
192
219
252
107
198
46
37
32
191
14
220
117
43
84
120
119
157
58
136
143
219
161
145
220
18
120
191
193
181
105
200
115
67
215
191
60
109
73
187
113
222
216
160
1
184
169
4
168
53
90
199
20
245
224
77
123
85
3
214
26
78
25
227
166
145
228
68
166
94
110
90
182
64
199
14
109
151
166
217
79
171
147
77
121
29
68
230
187
79
198
145
132
158
203
243
247
18
3
88
3
17
72
62
187
114
157
6
73
236
139
17
134
144
6
159
206
195
34
128
26
231
56
103
126
11
120
221
22
86
121
183
236
57
86
31
215
18
133
22
86
6
128
176
52
188
81
131
194
133
227
233
153
114
193
171
212
114
106
80
193
71
94
92
11
169
193
14
92
155
118
108
156
82
82
12
247
55
217
194
129
200
49
86
52
107
111
43
33
65
254
142
192
44
243
233
185
174
17
26
137
18
48
10
221
141
216
0
49
229
103
88
95
119
228
1
5
108
57
139
178
9
225
150
79
134
36
175
149
144
241
164
50
193
51
177
189
219
17
201
63
118
71
176
69
24
192
6
79
76
4
49
228
246
81
35
133
219
182
77
51
97
87
110
68
6
226
98
168
113
60
250
123
248
250
87
38
83
205
173
155
9
210
148
17
176
130
125
135
49
120
25
35
88
107
109
227
124
142
158
110
38
244
34
233
123
209
60
32
36
70
51
254
217
38
120
54
171
72
197
104
7
129
85
86
13
54
193
12
207
22
243
63
92
26
235
73
140
50
34
186
26
174
142
216
64
82
77
62
77
26
252
107
76
125
116
219
57
201
66
243
213
148
223
106
144
95
249
227
231
184
206
7
129
93
138
159
132
157
157
118
223
21
229
186
155
123
251
197
19
9
31
86
242
121
136
243
231
231
194
150
54
165
246
85
51
31
144
83
0
173
251
189
224
173
57
253
92
194
58
232
5
55
71
204
13
88
95
255
117
95
127
192
50
137
64
68
194
225
213
199
74
25
131
171
132
180
16
236
208
249
228
80
20
114
82
101
89
56
241
207
207
98
145
113
25
116
90
157
183
50
16
195
76
160
47
173
156
79
15
167
122
154
120
197
133
196
233
85
107
93
63
195
203
46
88
113
8
219
1
173
131
22
233
245
206
218
223
241
114
163
87
54
73
117
22
96
113
224
183
33
44
209
243
98
236
174
8
184
54
44
103
85
239
79
162
187
90
29
250
56
105
64
3
231
160
188
217
82
86
244
94
106
123
63
48
97
89
134
99
199
84
104
37
237
177
190
231
247
34
225
189
212
248
229
55
162
187
129
185
2
244
143
221
155
78
94
192
102
136
124
103
168
201
195
133
228
22
145
213
181
105
21
146
81
176
21
211
71
247
1
70
201
78
68
192
101
155
73
68
195
204
5
79
96
30
231
233
177
53
246
39
91
30
144
68
134
43
169
104
187
40
47
221
123
26
226
209
215
134
228
112
248
226
243
243
2
17
96
175
54
25
240
128
109
95
36
211
164
39
129
220
45
51
93
6
235
209
128
215
126
240
153
42
90
113
31
183
25
39
163
248
153
232
152
196
152
244
196
111
243
7
253
95
100
4
92
228
108
77
152
216
246
6
135
20
183
72
51
230
177
128
130
101
53
51
100
48
20
33
87
182
65
84
15
35
32
241
121
45
28
28
201
94
224
245
72
142
197
27
160
143
136
76
124
219
90
19
163
58
253
21
106
113
178
99
7
52
182
63
111
219
107
223
253
165
137
56
55
124
144
133
212
188
124
20
149
130
186
23
168
98
145
200
163
30
95
235
62
76
38
175
2
213
154
230
105
177
186
196
199
235
251
242
147
47
240
116
125
109
15
51
229
17
98
255
114
136
126
43
252
151
8
191
52
50
115
242
15
244
30
72
156
61
21
233
46
69
238
137
0
174
54
184
75
29
50
106
219
246
195
208
33
95
57
79
236
62
54
85
105
241
100
80
25
232
190
228
133
100
218
252
60
179
178
148
168
173
55
210
166
31
179
106
26
130
217
66
153
149
164
151
102
58
0
54
124
217
14
182
45
207
16
51
202
22
0
82
95
23
97
124
52
53
90
57
32
4
150
141
19
93
87
241
199
1
153
38
46
86
34
135
211
144
139
26
187
56
221
173
105
242
235
55
77
88
53
176
31
26
136
225
232
136
79
252
215
175
248
63
114
203
18
2
27
90
130
116
231
64
223
192
209
153
174
45
30
200
31
34
83
118
132
107
220
152
121
119
79
99
54
161
70
189
241
199
172
236
144
206
107
70
221
179
233
233
23
116
146
7
77
6
123
232
246
90
127
71
227
179
243
40
10
243
54
61
128
167
32
150
112
53
142
170
185
106
99
36
8
93
22
188
100
221
138
203
55
2
156
215
89
28
201
192
184
231
115
71
30
227
231
34
52
230
116
31
76
40
97
77
180
4
144
77
169
249
169
25
205
26
2
206
189
192
164
3
192
70
166
20
222
113
254
253
51
220
49
26
62
150
59
197
237
132
136
227
181
4
118
32
2
173
108
196
160
122
23
64
240
131
137
19
179
27
38
91
115
43
255
91
77
219
201
210
187
148
145
93
37
46
133
236
68
128
248
64
183
219
208
206
28
250
147
153
97
152
89
203
204
117
227
226
176
37
156
243
129
77
243
229
198
147
150
76
50
169
185
142
195
187
63
234
46
159
184
27
121
6
115
26
67
19
1
228
251
145
48
110
208
189
131
254
45
126
250
198
195
101
147
23
217
149
195
20
198
6
153
84
8
55
139
173
194
168
193
107
192
67
62
25
229
226
63
3
165
65
31
1
184
234
181
228
211
82
133
155
246
149
191
187
57
172
252
140
140
42
236
246
114
112
151
103
155
121
0
15
132
210
161
252
181
3
131
161
146
182
132
144
92
140
142
10
240
50
3
0
239
155
53
96
129
180
63
148
150
197
79
223
51
215
202
141
112
32
146
132
136
27
190
43
119
251
122
198
200
77
29
85
190
5
147
63
208
19
19
58
234
124
76
54
151
183
99
41
66
102
241
62
207
34
219
183
192
1
29
185
57
237
0
152
248
234
230
34
206
142
65
36
45
15
76
167
149
249
108
219
87
200
99
177
113
219
253
148
157
109
144
116
26
209
226
224
246
228
228
178
33
62
13
14
78
95
35
175
6
120
124
65
88
243
12
79
212
207
43
66
143
130
159
112
42
149
136
103
64
37
110
74
212
48
15
239
220
115
149
61
176
141
13
90
41
91
46
166
89
124
130
116
230
14
104
116
55
66
54
81
221
245
197
175
229
81
51
241
225
71
128
102
21
45
131
206
189
79
78
246
62
247
168
180
213
103
149
48
193
12
116
225
179
208
10
74
5
98
250
69
4
11
142
99
23
118
138
180
22
207
146
27
163
63
106
253
216
219
6
71
25
155
5
190
119
123
191
127
160
237
52
186
104
58
106
136
91
164
49
81
207
205
51
70
244
50
218
146
11
2
67
244
43
149
114
134
65
188
157
120
231
40
1
69
255
20
134
238
89
136
98
151
60
68
230
127
143
224
205
234
78
219
36
200
95
118
14
239
219
86
34
108
192
200
112
60
60
131
129
34
172
232
116
39
7
207
127
219
192
13
16
15
242
27
50
81
255
193
44
65
137
226
104
116
70
36
89
143
143
55
124
165
144
72
213
169
113
72
128
129
249
136
135
241
201
175
220
217
223
34
108
156
187
170
56
93
116
113
2
109
255
204
121
164
87
146
17
130
223
151
163
8
182
95
20
227
53
41
189
174
105
166
93
85
221
64
173
11
84
201
26
165
62
184
92
161
101
154
145
226
189
213
59
20
250
230
188
167
44
120
78
81
164
110
29
190
62
5
190
81
226
100
254
73
102
248
157
136
84
75
6
223
68
121
44
86
141
12
39
171
94
107
80
69
135
180
121
133
13
199
9
204
14
160
39
130
95
164
116
53
122
29
164
5
78
141
187
214
72
98
45
107
51
254
100
18
73
94
43
251
49
85
142
110
191
100
122
226
186
38
181
118
111
177
63
41
57
62
171
15
120
144
191
240
249
229
66
203
35
16
212
46
56
64
248
222
224
222
154
45
67
184
108
193
112
20
26
93
116
247
162
197
58
19
16
227
238
129
190
242
76
57
190
102
107
155
201
122
146
202
253
69
219
59
29
171
74
239
134
214
72
169
43
183
153
1
205
166
227
248
198
104
97
252
18
64
235
138
26
17
195
66
8
111
74
90
142
61
180
5
150
38
158
242
202
77
173
97
229
40
101
190
164
7
62
199
125
218
191
151
255
55
44
127
245
120
42
142
238
157
16
7
20
20
107
66
122
238
19
37
177
244
189
132
205
251
232
177
23
102
186
213
67
9
95
23
239
85
64
224
222
118
57
94
58
85
119
184
122
48
244
160
140
108
83
72
235
207
47
99
13
180
209
9
241
250
252
15
92
86
106
44
38
77
53
106
222
101
23
245
82
42
156
246
99
16
223
198
133
253
13
239
224
223
66
248
240
189
241
242
151
201
50
82
135
137
143
212
79
56
244
78
200
210
14
144
219
144
81
144
188
89
73
75
178
82
108
214
215
113
203
121
228
21
185
166
224
94
37
115
153
138
140
195
97
148
14
138
131
248
40
190
168
173
94
129
66
26
156
148
135
245
166
149
223
185
183
175
103
191
235
197
196
6
174
133
150
168
187
15
230
39
222
143
17
195
115
176
125
173
166
41
197
149
161
45
54
64
178
180
51
12
28
216
40
139
58
72
62
130
32
23
77
76
43
48
143
16
200
67
138
13
207
142
111
94
143
54
84
174
198
231
29
211
192
200
59
18
6
79
198
119
216
156
249
134
22
233
127
171
34
221
156
141
101
160
218
16
242
233
86
41
21
115
247
183
167
145
19
186
53
119
179
249
211
10
153
29
70
239
205
240
110
172
76
61
132
236
18
222
253
1
229
68
175
178
218
127
238
45
33
8
231
167
54
249
246
77
47
208
164
94
242
226
80
186
217
229
29
239
223
29
158
0
118
36
70
248
112
25
78
201
174
210
242
137
214
7
48
213
132
217
48
229
32
233
233
105
37
165
234
197
91
145
217
130
46
145
154
155
87
34
84
211
80
227
94
123
138
191
3
4
236
202
163
61
224
128
26
69
113
24
168
62
142
215
27
208
157
37
116
10
76
196
82
92
53
149
52
2
120
125
241
156
106
72
246
236
217
90
87
95
73
184
239
247
29
55
109
172
20
111
97
121
144
98
244
36
152
117
75
123
77
85
109
247
194
78
147
184
154
38
48
195
105
60
63
191
43
80
56
182
213
176
129
156
160
187
124
180
106
248
231
198
88
34
11
147
47
29
109
219
182
160
11
131
207
87
121
40
236
248
181
159
207
36
81
58
1
188
175
26
11
104
196
138
198
233
246
194
94
114
158
95
132
126
196
181
222
92
184
18
101
93
172
61
52
207
205
253
43
205
230
25
75
211
249
251
146
208
62
59
236
195
102
174
63
108
132
1
87
34
173
130
144
148
47
107
225
103
249
246
32
8
108
128
197
75
201
201
246
194
12
227
178
134
177
85
6
57
198
160
206
75
6
188
102
46
57
8
113
187
50
15
51
255
199
159
78
79
202
99
215
223
228
229
81
163
21
23
78
55
166
29
140
28
155
128
50
51
27
189
110
38
130
5
9
1
143
135
55
104
191
206
35
43
189
62
254
199
19
53
99
16
146
55
224
247
29
63
166
43
225
253
54
67
62
220
29
242
94
163
191
149
118
144
231
216
251
112
2
37
195
110
181
72
119
23
77
63
248
209
37
41
166
23
162
189
59
229
7
253
149
66
238
42
28
34
67
111
108
195
243
140
194
235
134
174
18
172
187
0
60
29
76
251
4
83
48
46
130
163
140
147
142
161
135
226
119
130
160
102
33
169
212
225
19
80
86
38
88
13
237
96
21
16
90
157
254
171
179
226
53
108
200
107
48
150
127
45
70
75
152
228
193
236
177
243
155
244
71
86
120
168
146
196
49
249
1
21
89
181
177
231
137
158
140
219
157
55
31
211
147
53
78
204
143
211
11
61
54
128
217
36
0
4
215
212
217
181
31
147
109
189
77
223
161
123
84
217
23
249
172
93
216
67
50
48
236
112
68
18
160
101
236
17
67
59
230
100
56
237
5
47
114
82
204
184
107
252
220
238
94
99
205
29
155
180
175
123
244
18
151
35
168
233
238
190
134
84
47
19
185
150
239
27
118
8
136
196
159
90
106
5
32
76
215
191
84
85
128
18
162
209
9
49
7
255
249
55
109
121
20
153
114
196
226
184
147
224
55
33
100
84
94
52
133
221
36
212
9
136
178
180
248
35
135
199
201
20
145
49
17
91
254
238
50
23
129
56
183
85
193
115
64
143
48
203
101
49
142
205
24
56
91
146
123
143
145
157
246
226
160
153
93
50
31
170
139
107
87
45
112
146
221
196
222
60
193
99
212
175
168
235
220
211
68
121
59
91
32
180
233
164
149
255
72
124
164
61
191
14
105
84
107
146
189
142
76
101
142
83
25
151
88
36
121
6
73
73
22
103
92
95
108
130
32
101
126
40
144
242
180
243
120
158
72
76
124
211
243
11
215
77
65
64
76
228
228
239
143
1
190
50
141
31
97
26
217
165
142
49
138
225
17
124
20
121
95
187
235
104
19
176
60
120
173
81
69
92
120
52
110
162
209
163
223
66
217
220
234
125
181
155
91
68
20
63
126
8
200
20
94
186
23
159
238
251
87
235
213
234
243
226
246
5
116
180
145
227
85
225
198
83
81
227
2
186
113
174
156
167
159
102
199
192
244
76
23
210
52
43
136
113
142
175
170
247
250
182
179
254
253
54
117
248
255
168
38
160
246
155
251
16
57
205
22
67
93
195
19
51
239
242
176
58
86
154
176
158
14
211
106
231
41
43
57
132
191
241
124
140
214
228
166
0
191
138
89
109
158
231
44
62
169
179
205
236
61
50
196
201
18
253
98
154
151
36
56
6
240
191
156
145
247
167
174
177
143
191
35
77
11
243
9
157
66
158
114
218
102
16
1
228
98
44
60
168
20
29
144
42
2
184
16
170
15
239
75
221
111
24
231
166
67
235
54
58
199
119
151
23
61
192
240
46
116
227
226
124
128
178
173
57
66
101
175
244
108
22
150
16
245
92
173
109
209
28
71
38
92
107
22
182
160
163
156
21
233
83
166
182
147
198
4
108
101
16
250
133
107
109
69
224
208
85
200
228
198
185
178
26
250
6
148
24
120
21
75
158
56
232
88
30
60
250
7
188
66
209
174
236
106
224
141
126
15
32
49
140
14
144
207
207
29
224
115
164
145
29
61
176
185
131
73
196
133
27
14
129
138
230
192
1
142
193
138
28
220
233
50
96
226
218
122
128
244
2
117
225
173
42
173
182
236
10
216
160
241
139
232
109
151
107
15
201
75
169
240
78
221
165
255
254
129
141
246
146
245
8
186
254
229
20
8
154
68
252
158
122
79
218
109
25
211
49
245
154
103
35
60
244
88
68
199
211
71
226
131
50
232
224
205
97
191
18
154
8
146
18
104
109
126
71
102
19
15
100
206
25
130
44
10
118
176
107
229
39
252
65
157
52
5
109
144
130
66
49
66
29
252
254
29
227
180
182
7
147
42
249
24
0
225
126
193
168
59
73
56
100
211
101
54
188
18
57
16
186
123
61
193
249
216
67
160
125
230
43
59
120
207
170
95
88
170
188
250
148
43
78
65
77
80
44
2
101
191
143
249
129
34
164
76
107
24
229
198
248
14
245
60
29
102
197
108
125
38
73
128
16
78
154
151
57
45
51
65
136
3
105
167
14
17
124
30
134
67
31
155
84
233
250
231
6
179
250
126
118
139
253
239
251
220
14
246
184
118
99
144
160
150
109
23
255
8
15
198
50
63
85
23
84
10
144
127
157
157
248
237
45
176
190
119
183
125
217
61
81
59
167
46
247
83
233
158
148
197
4
80
254
134
67
231
73
253
143
42
116
159
222
111
43
184
240
186
189
56
74
124
144
55
148
156
126
115
200
125
45
153
121
64
65
43
55
78
84
187
157
120
193
87
44
25
116
99
183
30
217
255
220
161
173
199
176
127
82
4
136
134
34
130
122
161
93
221
208
190
12
202
201
24
184
25
247
185
4
33
191
231
15
87
67
254
227
100
9
251
143
116
23
114
167
70
50
46
193
160
23
128
81
194
47
165
86
93
103
79
112
48
241
160
79
28
23
85
80
59
32
145
174
41
230
203
218
10
12
219
212
69
88
145
149
31
2
114
123
93
108
23
236
92
158
64
22
233
193
23
6
191
90
210
218
183
40
205
157
149
51
164
3
241
18
189
50
182
116
144
50
182
196
194
141
11
43
77
21
237
233
255
175
251
183
213
50
82
77
107
226
18
74
170
95
118
65
144
194
128
157
252
2
155
66
175
11
160
27
62
78
161
242
70
82
131
146
200
94
186
63
247
211
6
9
82
230
110
243
122
154
129
114
11
116
174
240
147
81
53
252
165
43
168
214
95
196
172
204
51
53
87
222
244
119
193
57
76
217
35
156
242
106
255
216
5
135
21
54
247
164
194
172
214
15
86
87
30
158
129
92
238
92
107
233
134
44
120
202
159
230
139
42
157
203
32
216
70
233
236
91
42
222
189
176
144
148
70
205
96
68
248
80
9
216
217
163
8
87
177
238
224
145
34
213
23
192
91
153
132
78
47
23
113
217
214
123
45
79
72
99
154
77
85
135
163
233
231
138
123
166
197
174
248
8
150
46
43
211
124
144
45
87
147
79
2
17
205
239
30
179
109
191
110
105
158
222
119
119
174
114
207
14
52
85
189
182
175
33
106
20
143
173
24
14
199
4
205
176
110
232
63
121
163
122
42
183
243
222
221
35
210
112
175
207
253
124
106
155
174
162
208
134
252
75
169
140
5
156
243
54
148
2
132
93
229
77
48
43
148
142
219
169
49
115
35
116
137
153
156
128
87
67
147
231
254
244
48
184
141
11
221
57
91
17
106
223
38
66
144
145
24
237
191
85
167
143
13
37
150
103
183
167
164
246
210
77
26
88
173
27
32
42
65
18
233
130
113
85
208
30
144
106
228
178
153
156
246
117
54
223
61
198
214
165
191
161
224
162
174
128
20
45
204
137
241
251
240
125
18
175
221
162
66
224
171
94
175
240
237
109
239
196
142
79
36
55
190
4
147
149
24
173
87
127
67
220
190
161
233
95
230
76
20
102
178
92
176
91
199
72
183
111
62
50
12
230
106
222
162
75
100
71
58
35
247
165
57
199
164
121
123
63
110
99
231
239
97
248
66
168
27
10
246
177
15
95
108
229
127
255
211
177
10
157
160
254
178
72
60
143
31
67
103
234
245
101
22
208
40
19
53
141
14
110
165
67
35
178
144
114
104
171
95
153
219
96
89
54
203
16
161
155
16
211
78
161
54
219
251
98
214
228
7
161
58
228
119
24
250
105
171
170
193
213
75
101
184
172
94
164
63
7
22
230
250
18
190
206
27
230
150
144
231
121
19
50
83
201
160
110
28
168
163
135
46
202
177
170
218
114
229
129
166
135
227
24
253
34
135
59
145
247
212
120
107
37
81
113
171
54
19
57
225
16
109
149
36
172
149
185
39
75
70
30
176
221
100
162
250
95
146
251
185
194
48
138
221
50
243
247
207
86
158
186
181
87
143
60
74
66
166
77
129
211
200
134
34
97
149
4
161
62
244
252
0
52
202
185
152
87
103
56
104
205
75
30
230
141
229
48
199
90
213
84
11
213
131
110
19
80
200
233
88
140
124
218
24
158
24
120
93
76
139
19
68
248
5
81
154
1
57
125
33
221
38
160
126
40
156
142
76
114
138
122
157
182
179
21
195
93
238
188
36
76
0
40
134
42
18
130
3
89
141
66
234
143
41
119
53
242
54
38
8
194
178
191
39
139
163
195
175
113
138
151
207
9
145
180
47
41
138
194
246
181
0
145
40
224
189
130
217
64
201
253
93
211
153
140
80
169
242
9
105
43
242
192
39
191
213
35
19
29
25
115
57
167
17
15
182
248
235
103
42
103
101
9
201
225
60
157
31
142
117
117
227
160
66
85
161
203
254
237
249
204
86
118
62
182
91
14
41
216
230
163
134
207
222
13
129
238
161
183
231
155
64
231
130
41
153
188
48
47
57
167
239
247
186
12
145
138
62
116
25
185
17
48
186
89
186
18
128
42
214
228
103
53
40
68
135
179
105
232
123
144
250
76
1
175
173
118
175
138
63
177
47
173
148
171
175
47
212
211
40
100
147
90
17
0
211
139
76
77
109
252
113
25
126
20
9
203
220
222
111
49
95
45
124
131
27
21
84
42
46
232
100
128
82
98
73
170
78
91
57
222
66
22
20
180
54
50
43
136
73
31
63
74
227
116
83
220
98
122
211
226
44
172
140
217
52
148
233
129
96
248
36
228
4
95
4
147
204
121
242
6
50
110
37
221
231
26
146
163
31
170
97
110
50
78
120
84
150
158
229
116
147
73
136
35
131
11
206
251
255
77
51
231
92
121
32
56
145
83
135
192
137
66
203
169
233
229
253
165
204
168
58
126
60
201
227
207
47
38
11
242
8
246
221
37
236
201
227
209
57
64
219
182
48
230
219
16
15
115
12
158
68
100
194
108
50
145
211
240
59
80
188
214
137
49
107
249
39
106
125
151
26
250
12
224
119
152
9
128
65
30
253
177
138
187
53
230
3
140
226
218
76
206
69
27
204
77
193
86
113
228
84
234
181
207
159
84
144
163
174
140
79
57
173
112
70
202
167
38
145
227
80
121
109
19
94
60
202
224
72
251
158
57
195
169
96
83
66
61
234
84
21
52
84
86
155
230
99
236
204
119
170
100
200
89
33
207
27
13
115
112
48
94
39
194
112
174
119
216
206
143
51
119
57
238
178
118
218
234
128
191
12
42
88
37
187
76
213
224
97
16
13
60
154
1
155
224
242
227
133
168
25
38
18
92
37
51
220
220
68
144
106
104
114
103
140
176
99
18
154
146
212
235
152
204
176
216
203
245
37
19
17
76
17
11
91
119
248
106
44
235
116
192
39
187
138
135
177
92
244
19
5
178
234
187
118
138
213
145
45
164
174
230
226
137
192
71
60
72
140
131
237
206
183
233
190
190
96
160
77
210
4
6
182
173
121
105
38
232
165
202
37
231
238
206
251
82
164
250
79
223
190
105
133
200
155
93
111
77
213
75
20
21
42
63
170
172
22
229
98
207
58
163
77
156
20
67
50
58
69
208
40
17
208
41
228
132
128
4
62
75
193
22
20
68
62
229
229
247
116
67
208
165
125
221
112
125
22
157
154
111
248
43
170
126
163
95
161
133
81
88
146
116
201
3
124
243
73
134
39
93
217
143
70
219
52
75
31
154
153
123
164
250
2
225
131
56
189
175
231
230
180
211
13
135
130
123
202
245
109
176
0
255
94
169
114
198
47
232
11
134
114
154
234
9
157
150
123
59
232
244
161
30
151
58
209
64
99
160
51
195
108
15
231
232
162
242
138
155
136
36
65
15
214
56
146
2
234
204
217
78
188
177
216
98
196
87
131
39
12
12
206
87
40
90
234
146
106
87
191
150
16
0
155
167
165
14
231
126
27
218
137
212
102
178
70
243
166
232
153
247
58
39
118
69
186
184
195
254
52
170
104
97
227
34
54
236
154
187
174
191
119
201
0
240
22
4
236
202
196
107
80
191
159
149
150
219
84
156
254
78
144
88
6
110
117
35
72
8
57
146
209
116
178
33
161
142
208
77
49
119
178
14
160
13
131
105
220
52
51
224
233
51
194
27
237
44
103
90
242
189
106
197
207
47
129
144
220
58
220
45
160
202
153
106
97
33
61
242
239
95
18
150
220
168
16
147
210
229
228
170
32
11
70
136
12
206
16
251
121
38
214
99
129
190
116
91
82
170
248
38
230
146
20
222
201
7
240
233
249
47
154
112
162
13
106
212
227
254
133
42
221
250
165
38
105
200
23
142
39
56
54
77
78
133
85
192
100
145
1
191
242
155
87
155
33
9
174
88
114
46
90
161
97
49
234
72
220
132
115
183
71
173
225
246
1
69
230
93
27
69
119
194
185
41
232
104
91
203
21
86
176
226
231
198
188
141
33
254
155
146
187
31
177
136
151
178
240
177
107
249
201
23
103
193
202
74
80
101
48
15
102
207
244
255
222
42
84
133
122
104
105
7
168
246
243
112
139
97
232
68
250
162
238
198
160
60
212
193
11
2
211
182
174
246
175
149
253
3
219
163
63
113
13
48
124
247
71
164
103
173
89
148
81
60
111
148
143
86
145
86
92
176
241
61
243
71
40
190
46
246
144
89
153
101
83
102
124
132
238
165
144
20
144
15
245
146
253
6
208
119
93
35
146
100
194
143
12
46
193
230
78
181
13
77
132
14
240
145
17
97
63
92
61
160
9
224
209
78
166
34
148
0
107
111
31
187
25
111
13
67
49
249
3
251
55
53
29
222
208
34
9
151
0
18
54
57
200
107
39
14
49
112
8
163
7
226
17
89
3
59
122
137
40
140
70
92
22
59
215
30
224
42
132
225
78
160
214
232
144
39
146
50
173
198
110
32
215
140
246
228
240
210
228
105
165
143
28
11
16
91
185
160
205
2
173
120
129
137
24
255
254
68
179
8
194
147
104
28
88
70
169
14
102
67
112
78
35
179
61
167
207
144
132
87
82
36
229
107
130
37
163
65
222
43
134
135
221
153
181
57
53
202
157
70
238
76
23
82
50
112
94
253
191
16
216
10
193
53
36
228
122
49
224
10
179
240
182
225
73
36
83
101
9
201
165
239
230
180
6
20
243
47
59
53
80
187
248
46
65
206
132
151
244
63
233
38
58
160
80
232
174
9
54
225
122
160
14
142
66
212
240
253
14
195
121
95
48
13
137
71
163
67
187
73
180
75
23
182
221
24
74
179
7
192
137
173
137
209
240
135
58
55
234
149
3
141
0
0
0
125
18
255
86
190
128
190
169
0
1
147
81
128
96
0
0
80
43
90
248
177
196
103
251
2
0
0
0
0
4
89
90