253
55
122
88
90
0
0
4
230
214
180
70
2
0
33
1
22
0
0
0
116
47
229
163
224
45
255
40
197
93
0
57
24
74
32
248
25
233
146
56
50
203
60
186
168
99
245
189
138
50
3
46
87
58
176
226
65
59
228
80
36
173
109
217
241
1
71
121
42
180
187
240
55
235
152
38
107
102
1
248
229
105
185
123
196
7
195
174
154
47
43
2
61
226
117
18
105
107
253
34
145
169
119
35
121
171
211
55
147
40
145
241
189
1
121
141
50
5
208
4
197
75
82
155
5
87
34
228
134
210
115
104
15
155
216
135
2
199
229
115
32
246
127
251
8
240
171
143
10
125
255
104
175
46
155
39
248
23
42
223
68
168
218
125
191
33
56
18
167
136
18
23
147
129
54
137
209
121
186
123
8
109
176
171
79
130
220
146
124
103
219
204
160
235
87
191
155
191
23
86
1
238
229
115
125
84
138
166
243
103
48
33
215
132
170
21
140
186
44
24
194
111
31
242
159
20
32
140
122
252
211
208
231
42
85
59
249
67
91
133
18
123
242
172
75
43
42
24
125
105
237
119
170
135
135
253
93
244
192
42
252
135
211
224
248
190
48
106
57
138
13
249
62
67
181
145
2
54
188
133
35
70
143
67
10
241
22
117
46
248
28
229
2
248
21
41
14
79
193
10
162
93
216
163
78
30
196
99
81
83
13
176
1
84
237
121
18
126
240
219
39
198
249
137
201
151
193
179
234
7
93
245
134
95
113
243
191
46
150
132
133
114
42
192
216
88
173
52
78
128
89
41
134
245
175
25
154
104
155
214
101
240
130
153
156
39
120
222
122
73
195
52
43
151
220
245
158
153
74
252
202
212
231
174
222
172
108
60
60
1
164
78
250
53
204
208
52
9
40
69
244
219
67
114
196
65
216
191
201
249
117
157
114
30
87
72
47
211
120
159
189
99
189
4
104
77
56
233
14
240
234
224
146
33
85
121
51
169
57
245
153
153
80
205
134
145
117
126
227
28
97
243
191
135
185
85
187
63
7
2
102
153
128
62
131
212
124
210
69
52
23
44
193
206
254
222
179
111
80
72
248
215
126
202
100
202
43
176
119
113
91
78
208
12
91
11
51
129
48
186
228
104
207
136
215
58
137
85
173
34
244
242
230
157
6
124
9
217
17
179
77
229
22
1
251
157
217
50
123
202
87
197
163
158
144
141
181
30
145
126
30
150
128
87
86
251
188
125
29
68
219
52
74
14
238
44
74
173
162
247
114
31
129
211
236
95
29
168
148
119
135
185
178
15
1
83
223
150
26
7
253
168
86
36
167
28
235
0
7
11
31
246
244
219
202
53
4
83
5
26
19
127
53
91
83
55
18
108
78
243
91
46
174
88
147
119
49
156
238
9
52
222
150
22
77
21
68
158
203
133
65
226
149
170
21
236
225
62
214
164
107
205
117
198
18
229
38
98
13
71
222
96
185
19
180
27
89
201
119
230
224
162
182
157
244
41
61
51
43
100
119
242
71
201
46
245
63
229
36
216
44
52
175
27
22
211
166
237
40
94
218
168
3
231
15
126
173
133
2
169
226
155
84
112
200
146
138
183
233
86
138
141
111
52
158
31
218
159
139
6
29
140
236
38
220
175
246
196
92
38
225
193
207
183
213
216
83
54
132
63
69
93
4
224
122
50
84
97
228
251
151
152
219
171
67
186
154
149
208
189
19
242
207
113
176
47
210
82
225
71
7
93
44
97
122
17
207
145
125
42
51
106
211
49
217
194
97
41
96
11
49
55
9
174
80
171
242
246
92
140
84
166
26
219
32
200
105
180
129
197
68
150
211
196
192
209
13
183
214
105
9
112
242
135
238
212
30
217
255
4
239
29
30
178
139
223
243
212
59
21
236
206
178
178
104
24
121
184
153
187
171
227
238
121
37
11
183
72
134
21
189
85
142
214
159
158
75
15
156
96
244
30
195
54
249
174
19
95
131
227
98
167
162
77
246
87
161
106
18
102
61
254
78
70
48
160
158
252
154
47
141
3
210
239
241
193
254
251
24
252
168
77
226
53
106
213
10
57
17
83
178
66
143
248
192
31
24
146
101
96
164
139
139
237
251
75
15
138
129
120
96
108
196
51
15
151
49
30
122
194
185
71
74
214
65
199
180
233
163
79
243
17
127
253
68
218
47
36
218
83
131
4
43
215
244
55
86
159
129
17
16
236
89
131
5
188
62
125
26
172
77
233
99
254
98
129
206
100
78
222
147
75
122
0
235
204
188
227
101
3
89
206
208
38
85
79
143
180
249
12
120
139
146
82
188
248
71
60
163
28
216
1
159
174
166
35
254
33
10
143
163
206
155
208
219
57
170
226
79
7
182
163
25
124
245
11
42
135
61
93
119
222
33
21
189
250
253
98
93
39
54
27
192
32
139
53
146
141
161
188
138
51
144
20
82
154
52
89
59
158
73
161
125
1
94
245
5
161
18
49
153
47
125
62
40
7
59
22
1
188
143
143
214
162
202
27
36
94
75
185
13
197
211
63
249
160
141
22
220
47
163
154
224
105
22
174
189
181
60
129
57
215
24
16
230
211
114
16
84
253
130
134
136
35
156
2
227
23
28
42
187
60
152
236
59
121
14
92
98
89
25
9
13
221
238
160
34
227
150
53
151
232
145
92
229
75
204
127
214
226
183
221
239
226
99
68
235
31
145
174
192
60
32
27
34
104
6
120
223
237
223
159
31
99
128
36
98
36
31
153
24
58
147
131
62
114
112
61
161
38
204
179
183
202
134
23
9
117
24
20
31
217
150
165
185
239
62
114
83
57
16
156
92
45
247
6
158
222
14
123
40
198
219
224
192
231
170
225
242
20
78
95
170
161
15
157
11
111
174
178
149
171
225
168
41
201
252
57
195
40
89
94
151
115
183
161
124
51
253
229
232
150
130
101
119
90
144
224
95
138
199
179
33
215
242
57
111
128
72
144
84
109
63
87
46
209
228
228
33
18
143
55
90
25
48
51
18
3
232
186
93
42
95
62
234
123
148
168
1
75
141
110
163
65
224
141
255
200
190
32
205
12
115
210
88
230
235
57
156
161
124
31
78
103
26
212
31
248
37
239
39
85
21
55
49
102
198
40
163
0
207
87
32
69
170
181
249
119
209
61
175
178
223
199
86
202
99
123
56
223
109
86
133
236
87
219
125
214
25
186
97
37
187
152
255
196
134
221
172
70
67
223
82
37
91
111
138
76
231
16
88
162
65
161
100
163
109
200
159
24
96
238
223
220
227
11
188
141
202
199
122
3
15
130
249
125
116
33
203
151
143
252
32
96
146
227
15
46
229
61
54
141
202
47
130
212
65
141
74
217
243
100
46
12
152
27
233
192
87
139
51
238
252
122
4
32
77
118
223
116
39
54
42
14
133
18
136
7
153
208
43
34
0
127
91
232
238
51
204
70
34
244
14
248
216
81
206
193
50
29
116
194
125
63
167
193
220
190
37
63
192
102
194
138
161
207
166
234
125
244
154
153
207
76
11
112
174
214
39
105
249
44
234
172
242
243
235
60
81
206
33
26
56
119
229
20
67
30
107
248
25
133
114
254
21
177
223
251
12
249
76
13
109
51
165
137
27
57
132
7
140
218
137
93
189
91
46
153
74
193
139
128
74
176
76
177
180
60
60
135
130
101
118
51
109
149
179
167
134
167
125
95
101
23
161
193
180
0
91
24
89
39
195
223
137
77
183
124
110
159
117
105
212
115
112
250
220
140
195
115
208
33
52
127
172
114
67
13
162
251
178
111
83
207
254
109
61
132
164
104
76
67
221
134
43
60
240
191
54
248
40
99
68
55
236
39
91
250
113
126
15
97
176
214
144
74
68
234
59
195
23
182
55
37
55
177
6
56
85
103
129
62
98
91
231
78
205
62
201
104
20
24
152
96
43
46
39
219
32
103
205
125
167
142
134
96
198
137
62
209
76
155
167
77
227
7
81
24
18
31
61
18
54
241
85
164
6
231
145
203
134
38
124
143
212
174
97
166
49
27
14
237
158
100
209
151
86
225
100
165
248
178
102
85
96
53
199
126
29
2
223
231
178
39
161
163
55
131
137
178
231
52
180
229
99
20
157
236
26
36
48
213
177
106
70
160
2
43
248
87
193
157
80
87
228
166
43
252
93
89
209
172
151
190
117
84
18
125
29
59
159
61
145
146
242
41
117
161
223
100
36
24
48
32
219
8
213
63
232
145
177
56
137
81
110
254
213
245
3
38
101
233
59
81
204
103
236
1
165
149
145
192
156
162
225
27
237
121
134
156
3
25
46
26
167
175
106
43
98
4
139
108
229
89
213
51
235
75
84
79
173
245
145
23
115
87
104
217
176
172
41
1
19
196
42
191
205
30
85
252
68
94
221
24
198
210
130
205
8
114
62
134
57
147
60
159
65
222
70
121
190
11
239
190
74
95
195
35
145
181
235
84
196
63
251
36
123
243
95
166
144
57
240
252
236
3
89
2
175
183
216
119
219
81
135
202
2
88
156
163
52
38
13
18
101
168
106
75
203
101
255
129
185
132
121
130
191
101
121
130
171
5
148
47
38
184
182
135
177
42
127
231
139
77
7
134
104
81
32
109
231
242
78
179
233
193
28
109
248
214
77
106
248
126
192
175
79
134
155
170
6
191
121
154
216
137
11
94
60
20
184
251
228
220
148
129
193
44
183
234
74
18
112
174
167
205
190
97
205
157
37
164
239
104
97
116
255
201
127
218
121
221
216
120
102
169
36
68
224
203
175
238
203
150
237
163
104
95
150
247
245
36
141
172
16
160
8
211
42
83
40
172
243
167
53
52
93
155
176
48
159
250
212
26
80
247
26
4
199
106
18
196
27
25
193
238
120
237
34
150
157
72
106
52
187
72
228
193
171
250
79
111
62
73
229
138
201
83
227
235
189
104
19
251
140
245
78
101
52
214
18
86
26
56
136
70
191
189
39
140
93
194
201
118
245
236
248
25
220
224
226
249
242
247
239
169
196
11
218
151
197
133
241
234
188
110
16
233
34
249
24
156
0
6
242
31
31
84
39
203
156
106
156
41
19
60
182
242
65
67
204
45
111
142
34
81
130
236
168
185
248
215
179
214
149
180
178
57
44
111
173
90
123
144
168
233
75
143
133
18
229
35
144
123
142
119
124
48
2
191
238
246
144
84
95
6
255
27
174
23
241
63
59
130
195
194
24
255
120
186
227
72
107
172
34
53
163
74
176
30
19
53
229
0
222
169
224
39
32
6
54
41
149
192
61
218
200
196
58
93
208
139
150
155
253
196
135
88
85
192
19
255
216
224
219
136
88
218
46
158
111
154
48
122
72
88
190
97
178
152
168
48
88
127
194
127
233
112
7
189
89
183
211
94
90
225
86
169
25
66
132
246
94
135
187
137
69
158
3
62
246
158
178
29
169
22
8
219
141
155
130
50
124
47
44
243
173
69
140
85
220
207
3
174
135
149
148
213
4
55
53
241
43
106
241
119
238
142
81
219
243
195
35
65
179
131
167
153
132
179
107
104
173
19
66
212
102
44
19
140
187
85
121
69
175
103
117
159
28
16
227
19
18
78
231
27
246
165
3
246
150
208
113
96
159
102
174
241
244
170
49
212
23
86
36
126
93
252
64
53
55
143
61
160
181
252
163
79
221
207
65
80
24
51
51
57
91
3
158
244
179
230
170
79
12
168
110
6
248
178
217
166
111
213
90
37
134
163
134
68
81
184
244
230
121
203
186
124
202
70
162
214
103
67
164
116
7
191
68
141
68
73
216
127
150
207
164
201
63
85
102
57
198
229
49
226
136
3
182
238
5
204
201
111
129
198
150
12
168
63
41
39
23
102
218
98
149
204
181
232
120
88
207
137
141
179
88
86
33
138
4
44
65
99
19
152
38
37
94
33
208
127
251
212
255
233
58
53
191
57
169
212
230
126
107
14
119
1
122
253
78
177
234
171
226
72
17
174
64
70
79
49
110
44
99
158
67
124
234
78
154
212
152
185
123
219
228
197
132
29
168
23
20
85
171
121
10
11
135
223
43
57
113
136
248
215
89
89
103
40
147
162
255
183
20
71
228
48
89
83
157
133
168
115
214
212
181
178
107
100
189
200
147
129
94
173
34
230
246
96
107
48
171
32
91
140
61
106
23
251
224
104
239
205
55
51
118
216
111
140
30
194
127
55
170
87
220
246
31
212
42
246
236
10
41
223
107
171
214
113
88
26
142
175
134
49
89
33
10
130
101
18
23
116
145
87
33
37
203
193
121
12
25
76
44
17
171
246
234
147
156
129
31
187
233
29
71
118
138
241
0
149
44
71
136
64
185
182
125
136
203
252
130
133
0
227
50
83
56
48
97
221
252
138
103
232
207
215
220
46
55
238
236
168
19
254
46
53
222
206
144
229
25
103
248
142
47
52
27
105
60
208
237
165
238
152
217
212
162
186
61
102
118
175
126
38
132
136
111
202
12
74
242
60
164
55
113
182
209
122
35
91
15
255
202
217
167
158
157
169
27
74
159
36
225
128
225
59
90
95
222
6
188
145
199
37
113
129
176
14
196
41
246
62
88
146
115
58
44
90
110
235
83
162
7
140
2
170
97
255
240
98
159
137
148
204
7
106
210
158
96
83
136
32
155
102
51
223
12
192
123
97
133
243
99
108
188
194
40
56
33
143
104
110
64
5
199
245
226
167
45
32
226
115
41
6
234
159
103
175
84
104
171
248
72
110
8
149
15
53
47
217
111
127
132
92
242
110
153
131
5
218
190
119
132
139
219
231
95
231
6
20
163
41
204
124
50
67
221
155
125
185
198
201
75
175
24
85
180
89
7
135
215
254
43
122
254
178
123
138
25
91
60
205
204
79
219
73
129
56
234
228
24
239
221
88
235
69
31
42
221
15
9
124
75
193
150
111
218
113
43
160
128
171
139
244
5
172
217
7
95
75
140
245
177
61
42
231
171
10
204
192
241
249
197
71
105
163
182
25
71
49
5
9
99
158
6
198
141
212
63
44
132
62
249
135
159
209
12
252
99
219
61
234
96
80
196
28
70
126
130
165
143
125
101
98
203
183
168
184
7
17
180
60
195
84
62
12
183
146
244
239
117
65
204
47
237
240
58
63
80
7
129
236
58
174
169
245
24
112
108
152
148
219
184
244
35
62
95
150
131
242
248
161
143
182
8
164
6
152
117
23
122
74
128
248
60
163
69
198
79
134
26
211
160
232
158
165
213
16
199
131
240
72
61
17
149
217
132
118
170
2
145
126
82
28
253
20
197
38
80
118
73
113
124
152
2
229
148
246
31
16
51
194
70
242
98
77
5
221
157
242
44
92
4
194
159
244
166
184
164
193
69
64
217
71
87
7
153
78
180
35
39
120
57
4
235
255
213
3
89
109
240
95
7
167
127
180
64
75
90
239
214
89
251
93
170
46
249
168
243
31
174
69
148
135
134
44
17
2
67
251
214
33
200
229
187
56
245
161
15
144
245
116
196
165
62
42
75
41
202
187
122
82
188
254
239
118
86
92
160
150
44
53
98
55
30
193
161
240
237
251
172
137
196
104
220
134
183
183
126
21
219
197
8
89
152
28
158
66
181
113
89
243
5
11
185
94
108
36
18
39
171
98
221
200
90
115
223
91
143
249
102
8
3
181
183
109
4
170
105
199
115
242
147
85
51
114
28
15
112
21
33
187
66
226
211
173
126
159
240
41
95
234
34
88
149
208
85
98
234
82
141
225
181
128
119
21
77
69
164
119
82
121
147
135
229
247
16
141
95
4
34
77
197
109
124
232
199
99
102
174
94
63
202
31
58
105
25
212
140
170
212
13
104
51
3
237
134
52
153
216
25
76
118
146
82
155
116
55
209
74
69
82
140
57
62
127
36
97
2
120
225
234
147
16
40
239
217
242
247
187
83
152
198
127
147
146
146
144
105
122
142
136
240
67
132
233
215
225
217
148
232
57
255
111
168
253
89
173
93
161
90
139
147
97
140
179
128
177
172
192
168
75
230
99
56
7
138
26
5
87
251
201
115
245
158
188
88
18
180
197
147
190
34
76
228
122
42
117
131
211
95
29
11
106
217
95
126
213
225
233
160
60
75
57
97
103
98
200
39
26
230
215
59
217
54
66
155
0
140
58
2
134
172
220
156
97
49
132
113
143
94
172
234
7
125
97
172
75
243
52
167
231
150
85
233
65
75
134
37
65
70
219
95
206
181
129
124
107
120
118
220
76
127
197
184
35
188
194
87
9
77
164
140
78
53
193
209
247
32
192
115
23
245
225
194
195
235
226
145
11
117
72
254
235
225
26
176
216
150
244
219
118
162
95
27
42
237
38
143
251
232
55
152
52
134
199
43
222
27
254
221
247
104
253
108
114
41
169
95
244
218
140
152
100
64
94
24
75
193
198
76
154
100
73
177
108
73
239
116
50
12
59
111
36
63
194
66
76
173
26
255
102
154
251
43
236
74
156
114
228
158
103
11
242
30
162
78
245
2
22
247
123
23
24
179
135
128
117
18
177
33
56
162
102
156
108
175
151
0
73
29
183
231
190
28
247
233
52
161
142
15
62
10
91
150
162
54
84
32
47
54
55
122
200
119
125
242
150
123
58
89
65
245
252
43
2
179
242
142
9
164
98
226
120
16
94
4
227
20
158
195
134
246
47
227
184
70
123
193
138
39
190
130
226
1
117
185
31
194
124
164
120
98
173
177
84
55
247
61
162
134
130
196
155
81
216
61
1
183
52
54
206
39
25
119
86
236
2
232
241
142
24
37
33
115
58
149
59
58
155
219
205
223
165
18
63
117
216
32
156
76
239
153
166
195
152
77
27
151
99
32
232
241
53
95
120
142
63
183
155
174
122
127
244
131
184
79
205
138
143
151
103
253
208
228
78
71
221
216
159
49
95
77
249
45
76
22
25
94
28
245
88
178
148
99
42
96
128
62
26
213
106
23
161
148
245
24
120
102
106
120
106
109
239
96
120
219
31
239
228
192
49
147
189
66
58
253
210
160
31
180
105
219
205
157
4
58
55
189
138
191
109
8
174
74
4
94
194
192
130
112
36
13
62
163
112
101
13
145
39
131
69
48
191
125
95
179
232
171
27
51
216
90
223
187
132
68
228
116
114
204
131
108
58
37
214
161
48
120
201
157
200
47
141
97
225
150
19
230
82
34
217
92
125
248
95
156
63
96
136
80
34
164
122
127
142
15
22
211
122
0
119
80
56
34
69
126
56
151
20
36
229
186
62
121
22
23
104
70
25
248
163
116
147
153
214
111
233
74
112
145
252
88
36
209
91
168
193
39
241
142
133
144
94
242
157
120
13
232
42
94
126
162
206
15
72
11
214
241
172
252
121
49
207
96
77
161
196
41
29
161
122
111
76
101
116
107
92
58
51
247
172
76
210
60
205
234
121
115
72
83
25
93
82
83
89
203
119
30
11
38
57
38
5
188
198
149
77
20
158
160
174
148
132
93
77
13
197
229
181
30
84
107
106
131
201
52
168
37
119
48
138
51
254
182
151
246
208
222
69
7
37
82
196
27
44
118
203
53
78
23
252
51
211
13
34
174
148
134
197
14
125
20
20
60
215
212
138
24
173
124
186
54
252
187
234
193
74
122
234
136
141
252
146
225
64
186
169
191
236
143
84
78
221
236
135
117
44
51
11
255
243
130
164
34
94
74
184
235
99
142
244
206
185
24
207
159
215
93
73
97
37
227
61
1
55
215
97
166
238
226
156
100
12
215
116
26
43
33
120
186
238
203
76
69
61
171
62
85
3
179
194
140
49
131
48
17
69
169
166
188
234
172
50
188
231
201
249
7
127
207
108
153
12
199
134
22
98
67
108
232
41
90
147
155
43
221
222
137
32
96
164
116
180
145
100
138
18
20
154
222
30
127
235
214
31
7
188
201
245
159
12
234
116
79
72
105
237
83
101
83
212
125
32
141
218
199
113
185
190
232
162
46
45
113
1
47
128
202
201
229
50
250
44
167
169
61
209
182
115
176
197
98
188
28
86
121
183
97
97
205
82
38
225
231
218
94
95
237
233
185
50
241
133
178
163
18
153
183
214
65
23
129
191
12
56
16
94
71
108
236
48
55
3
140
203
127
12
48
178
43
45
101
235
86
121
153
59
160
102
219
127
117
134
62
38
104
42
214
225
143
110
149
10
146
158
182
64
43
82
46
246
41
193
192
133
62
22
106
100
235
206
169
232
150
97
213
45
131
137
116
174
34
197
217
85
175
33
134
48
154
158
180
58
38
74
45
179
166
39
191
127
37
24
249
4
119
92
228
53
128
172
48
118
93
60
49
192
210
76
164
132
160
182
148
105
129
47
38
127
172
150
186
131
168
95
175
230
29
237
216
34
241
123
23
158
158
18
109
40
132
217
103
122
75
130
12
114
244
146
171
230
110
195
76
135
198
137
68
224
48
101
245
71
34
255
229
39
109
224
152
22
219
137
102
14
59
81
98
176
178
66
94
96
64
172
247
218
132
250
70
86
181
159
135
159
221
96
231
210
85
102
176
0
70
119
60
79
21
145
19
67
223
241
218
47
2
149
155
40
159
113
124
143
192
225
203
23
253
212
68
208
45
58
254
89
43
116
136
12
100
120
98
22
209
233
22
185
42
77
171
70
173
107
116
99
26
232
161
35
172
68
16
99
108
237
235
39
110
224
153
35
53
61
233
12
33
52
239
46
15
128
177
107
51
48
219
36
40
7
107
182
239
223
187
135
216
156
40
243
184
18
177
114
62
206
133
60
80
48
155
157
241
97
207
193
36
230
76
164
171
64
205
227
63
135
0
235
9
26
124
202
117
252
94
115
222
109
62
57
105
63
103
76
27
149
0
105
234
56
164
245
232
80
19
65
14
219
20
190
122
135
213
249
7
24
245
109
184
115
136
91
29
51
241
2
62
102
160
246
159
0
97
141
189
1
161
199
2
193
49
196
115
155
242
253
82
235
187
38
127
120
138
3
11
82
156
181
249
162
24
92
235
186
172
153
252
119
154
12
231
101
8
207
124
71
36
173
111
186
87
74
78
33
205
42
161
158
201
186
103
228
32
254
125
97
214
204
24
138
56
103
26
116
44
149
76
233
117
142
251
0
199
124
227
237
31
245
137
212
204
99
117
153
196
197
28
151
211
150
195
70
28
184
139
171
66
201
1
63
21
216
131
5
240
243
236
202
218
182
14
183
89
176
58
146
78
73
153
83
193
137
96
214
147
252
115
143
155
118
13
152
166
166
207
216
92
29
30
98
179
2
41
112
2
179
155
13
6
187
226
35
60
7
36
123
93
198
187
178
142
75
9
222
45
26
195
206
137
14
38
249
142
80
236
26
75
191
255
132
31
149
94
98
121
52
82
181
45
26
220
172
76
247
169
141
180
9
143
157
219
187
128
240
205
236
95
12
201
128
138
108
239
214
241
7
192
15
20
208
62
63
107
148
127
3
50
50
88
209
116
95
35
214
57
166
192
253
247
107
178
29
106
203
225
223
58
100
111
89
171
51
13
84
68
200
239
77
33
152
202
8
151
210
123
202
229
197
132
175
117
159
142
164
18
182
250
94
25
175
185
10
252
127
189
192
94
119
50
55
169
25
158
121
202
186
203
27
121
110
232
67
62
89
48
159
28
160
33
251
252
11
205
208
38
237
198
181
161
5
139
44
76
213
176
117
60
63
206
92
173
68
143
87
164
97
220
144
10
94
65
100
131
190
248
90
207
22
164
255
144
90
235
108
52
107
36
5
93
129
60
236
118
29
64
158
39
44
156
194
52
140
246
17
231
87
89
236
145
145
15
160
51
248
131
213
140
247
218
227
74
171
242
61
75
99
252
0
48
90
3
141
20
248
82
188
100
231
179
3
22
245
214
63
215
59
32
112
218
204
149
21
171
30
115
128
124
24
4
79
71
116
224
53
164
26
96
108
195
213
155
129
62
253
66
90
136
128
20
75
27
213
168
232
95
82
201
42
108
182
100
48
107
101
9
172
163
33
154
182
214
136
30
160
186
9
46
13
38
199
203
232
123
195
235
109
190
148
102
52
12
129
148
93
166
203
19
83
231
87
27
99
172
89
226
165
162
120
226
151
198
72
167
207
14
122
25
43
136
133
86
49
21
50
37
89
102
180
207
232
223
12
7
158
62
168
22
42
221
180
205
203
229
223
148
2
113
52
32
97
242
255
157
126
27
232
177
43
216
188
114
173
254
118
213
167
7
144
98
161
41
84
196
177
54
252
40
99
113
222
184
245
92
17
231
101
65
25
204
228
193
75
60
152
114
173
184
14
193
71
22
102
126
28
213
183
31
196
12
185
195
17
124
203
136
51
29
131
203
170
87
1
160
181
168
97
136
115
93
82
71
216
36
167
103
223
112
65
63
167
12
168
19
164
84
146
100
83
6
218
45
166
173
106
85
41
118
23
164
163
13
33
212
143
101
120
54
126
224
10
56
37
176
142
152
50
84
146
179
90
33
227
13
88
168
16
102
34
41
246
69
123
90
120
1
158
96
121
170
64
165
176
213
25
79
140
91
73
151
97
181
220
211
54
249
204
96
42
191
246
246
134
80
216
103
151
24
105
141
62
146
240
2
148
151
231
175
174
227
95
135
28
254
140
233
142
81
156
116
76
88
10
114
119
38
203
230
15
167
166
179
65
127
151
61
117
75
20
131
242
117
173
157
92
111
187
137
147
175
161
201
11
71
216
143
151
155
192
13
240
156
246
43
99
3
170
192
251
180
59
234
119
15
219
146
62
1
64
133
76
34
140
194
9
63
146
136
4
117
218
24
244
62
102
186
106
61
141
84
101
165
155
125
209
60
196
49
242
178
126
8
13
61
158
93
53
62
176
146
95
78
80
69
99
33
45
123
21
67
74
245
93
185
199
33
137
225
106
67
30
196
108
191
202
85
68
79
191
62
50
18
13
40
102
144
211
8
245
225
97
122
216
248
225
53
31
159
130
144
86
185
109
8
170
11
1
157
241
8
217
206
10
155
193
109
184
79
226
147
107
190
22
44
148
163
121
107
254
251
238
61
81
165
194
111
112
5
87
244
244
17
50
236
161
230
34
141
43
19
90
164
234
150
150
121
112
96
112
15
70
151
135
54
133
101
139
84
156
63
156
147
90
83
37
76
250
209
193
184
9
99
56
200
133
42
82
2
79
243
163
184
106
211
200
102
84
15
180
94
175
188
170
122
205
167
254
79
192
255
7
222
124
73
177
158
39
153
222
131
173
135
165
98
52
159
212
230
103
185
106
251
213
171
226
5
117
197
149
245
96
218
91
247
135
24
200
83
127
161
187
3
6
13
239
156
208
1
98
113
213
188
223
252
177
213
30
252
220
85
71
242
15
29
209
35
61
118
237
201
63
217
252
63
206
33
71
198
12
120
95
142
183
164
177
8
153
222
127
95
252
141
141
213
164
169
107
13
79
117
197
30
143
164
62
148
255
53
65
185
109
197
135
221
210
248
171
227
83
5
219
244
58
11
213
92
196
142
65
170
43
196
24
159
228
66
114
244
47
47
7
88
74
154
84
33
246
219
38
159
228
101
245
63
190
53
64
94
69
215
150
62
17
14
236
116
226
214
179
30
118
64
167
223
187
41
78
79
88
254
6
158
33
208
218
107
33
162
221
80
86
54
108
102
98
32
140
227
121
143
78
125
19
128
75
191
127
66
68
52
155
107
156
62
25
178
189
129
190
52
32
96
59
19
191
3
53
190
58
34
193
197
186
201
40
205
30
122
23
109
116
145
209
158
103
30
209
228
151
80
129
109
8
237
110
20
248
174
70
105
219
52
70
13
66
20
132
234
233
19
126
36
59
138
103
111
5
160
33
174
96
103
124
70
253
57
238
5
65
24
57
183
168
62
183
40
244
85
91
71
118
243
249
149
176
147
167
207
104
171
133
167
9
154
186
193
188
217
142
143
207
113
99
126
227
127
151
12
216
220
143
158
213
178
98
107
190
223
221
37
219
72
254
108
181
148
216
152
229
148
16
162
201
246
185
188
85
1
70
77
85
44
184
243
110
201
249
59
159
103
112
211
138
52
71
65
192
196
137
174
91
139
71
105
108
45
127
78
215
238
32
17
202
1
167
161
41
190
249
44
71
34
79
149
81
103
91
157
68
19
176
8
71
82
43
136
110
181
179
195
78
211
215
112
135
209
196
97
110
227
0
240
120
186
13
51
192
176
138
219
146
35
228
206
221
113
54
241
164
83
244
162
22
203
79
203
87
243
31
152
131
40
172
4
70
216
111
207
204
46
174
59
227
176
57
28
107
106
56
84
39
125
180
204
129
233
53
147
124
59
28
52
6
229
55
67
182
168
147
37
216
203
45
116
187
245
22
167
210
90
20
185
19
94
190
204
122
236
190
94
216
189
239
62
70
155
140
35
209
118
238
44
191
81
35
55
3
91
128
236
88
182
239
71
97
111
103
45
202
15
223
93
236
91
77
63
95
161
235
31
60
200
239
191
52
33
90
42
27
121
150
74
109
232
228
162
126
248
138
253
58
195
3
184
133
85
81
36
99
150
175
44
26
239
156
217
196
217
31
178
253
36
233
134
51
117
96
4
83
126
78
141
211
60
41
56
74
49
75
29
250
165
125
181
96
99
252
221
15
97
3
159
53
106
8
240
23
9
133
155
171
151
179
78
139
73
9
41
198
233
69
48
197
145
81
212
66
165
191
251
91
172
121
97
7
81
123
152
158
211
87
79
61
128
105
97
60
220
119
87
42
125
190
216
1
136
174
59
35
119
45
83
7
244
253
131
184
150
85
79
232
139
122
0
168
163
112
150
128
195
39
169
0
215
35
16
223
126
189
26
215
189
171
94
79
45
122
6
84
64
30
65
39
72
179
240
195
55
94
98
198
141
29
39
138
8
77
251
89
106
242
141
246
221
131
163
114
39
93
106
94
97
78
142
189
79
162
208
99
19
209
111
155
4
191
222
245
64
107
17
6
87
57
114
170
24
95
155
130
27
154
144
243
221
60
236
60
187
153
199
8
226
221
29
191
145
17
161
84
241
167
161
104
221
7
189
45
159
102
225
247
196
195
89
141
29
9
101
129
26
164
131
3
96
107
60
106
118
84
208
206
180
103
239
209
94
253
19
71
127
161
112
246
98
187
132
44
72
225
29
23
5
231
75
32
150
172
136
254
250
59
227
30
34
71
40
64
135
27
120
74
219
249
25
178
18
46
168
116
240
75
41
72
168
63
134
127
165
219
70
88
143
231
234
212
191
169
227
92
84
126
61
197
33
242
172
181
112
42
244
22
8
42
196
97
234
138
138
177
253
156
41
153
171
246
210
123
57
69
191
151
139
133
67
157
182
129
152
42
117
155
162
215
40
53
83
36
127
97
121
48
234
246
165
94
51
69
22
27
101
49
165
89
247
191
125
75
213
210
243
204
171
92
211
192
163
143
201
225
155
232
235
124
205
103
60
147
165
210
95
129
69
202
219
38
252
57
1
69
218
20
233
68
171
250
117
138
251
170
47
111
12
159
214
123
141
203
237
109
21
53
251
217
140
210
209
51
154
9
14
91
232
15
177
169
48
48
40
223
224
210
146
28
102
25
62
241
66
0
223
120
239
72
123
37
53
163
58
238
229
40
75
47
242
25
35
40
240
139
255
225
254
143
133
90
75
192
224
216
45
254
123
127
19
199
23
102
211
46
156
183
251
69
168
97
198
153
26
152
134
14
162
152
229
62
65
208
198
145
221
151
7
170
3
142
17
56
40
147
218
239
66
88
27
208
42
215
73
233
252
47
170
16
126
22
5
35
200
70
178
127
159
135
208
255
243
22
173
30
116
115
168
186
198
41
239
229
2
60
143
201
176
62
7
184
29
163
39
150
236
34
124
166
212
19
190
209
201
51
29
142
168
177
71
159
110
111
223
118
160
87
142
145
25
21
125
61
212
215
24
106
232
127
189
214
111
235
241
138
48
36
225
7
120
22
229
143
168
226
132
122
119
106
30
154
196
135
217
99
6
198
109
86
145
86
128
14
38
80
220
38
35
168
57
99
217
12
114
148
164
103
33
97
22
52
66
139
203
254
211
170
186
188
2
153
231
103
95
21
226
104
247
164
14
128
253
119
26
138
249
16
51
79
2
10
117
142
1
54
186
200
132
155
69
120
110
241
176
55
78
99
148
247
77
57
209
238
13
243
47
186
74
49
12
0
196
223
179
213
145
187
184
79
67
21
251
135
166
41
124
150
245
164
72
255
172
21
205
140
116
209
136
145
251
245
116
81
199
162
116
67
171
35
151
11
227
112
143
102
127
47
45
238
62
233
183
200
78
95
195
216
154
237
214
114
191
146
6
24
59
166
181
156
107
71
15
99
90
208
173
147
212
25
227
112
178
199
23
51
38
75
209
213
119
129
116
209
120
89
87
2
9
40
152
173
104
222
138
199
120
227
255
185
80
76
216
164
117
67
216
60
239
217
94
93
142
190
236
43
234
35
130
63
84
90
60
19
55
248
6
184
50
74
142
27
48
123
87
225
147
84
163
255
121
33
49
58
180
110
105
53
143
1
115
31
238
61
205
82
193
112
197
29
220
69
235
43
214
148
209
125
215
103
208
73
35
177
84
208
54
123
219
122
35
149
12
96
145
140
251
51
64
250
142
141
89
195
116
106
165
6
107
32
40
169
216
11
224
170
19
119
155
166
143
237
202
184
25
29
8
168
142
217
9
132
23
115
190
31
239
215
183
8
104
154
120
250
36
158
120
242
135
59
5
144
104
156
3
246
56
21
220
210
173
117
236
48
216
103
116
196
222
48
122
40
157
102
157
110
227
199
68
125
121
190
150
161
116
214
138
88
69
22
221
5
140
15
235
85
251
132
220
160
240
91
186
139
253
11
238
9
53
243
164
255
244
67
131
237
31
102
52
197
110
38
244
120
47
177
77
107
102
228
180
146
169
65
41
164
133
224
153
243
83
237
96
197
140
90
39
54
57
143
104
2
99
223
155
44
112
216
108
126
103
239
133
250
30
232
231
247
63
198
56
166
76
122
139
243
98
242
28
37
26
76
226
160
227
43
111
187
194
129
142
36
253
223
42
204
57
64
34
184
129
50
190
150
24
56
139
45
193
248
74
201
95
36
25
230
180
157
128
196
160
124
181
163
159
90
225
98
195
89
79
25
176
52
45
57
179
207
202
60
110
199
204
224
26
188
124
151
34
49
164
44
159
160
141
23
207
43
170
23
40
189
232
31
156
166
43
45
204
173
224
164
252
41
81
89
184
19
148
122
67
214
217
176
80
105
50
144
120
188
238
198
137
130
46
227
38
79
250
238
78
195
171
149
93
248
184
141
64
96
246
139
124
7
205
6
212
145
98
234
127
45
237
241
123
218
87
227
88
192
14
67
163
227
203
125
128
212
101
46
159
211
106
239
24
125
121
101
146
56
86
151
58
18
158
178
207
228
169
243
207
18
169
28
197
248
12
240
163
106
56
92
33
251
165
205
11
45
55
187
48
150
102
64
106
22
83
83
21
38
225
171
28
163
118
38
224
82
108
23
206
30
146
208
10
179
244
20
125
14
136
135
193
167
73
24
79
180
237
142
169
139
132
128
3
242
231
97
117
129
113
240
67
25
8
234
199
126
119
49
134
232
144
43
46
224
217
87
140
84
102
128
190
254
255
254
174
191
155
42
213
216
41
33
242
231
178
149
126
207
142
22
181
188
42
135
223
96
117
18
206
7
167
56
185
201
15
129
58
44
134
187
108
223
59
192
156
101
3
0
97
93
28
86
54
184
191
255
191
82
164
106
84
117
187
219
90
81
135
149
222
145
155
34
6
183
160
214
148
95
205
3
120
149
123
171
158
121
240
224
14
243
183
208
252
214
167
173
149
196
231
85
32
178
227
160
100
83
214
114
178
219
254
135
74
131
39
8
113
146
35
10
224
34
150
66
51
223
210
57
93
207
14
65
187
37
176
43
181
130
234
203
90
72
171
86
119
254
187
201
173
156
109
227
215
249
150
133
80
118
53
40
76
191
30
112
13
233
116
77
73
157
147
131
247
36
91
92
173
69
64
96
88
9
65
222
90
250
162
185
253
48
49
128
227
144
61
245
25
29
213
68
142
118
140
135
18
244
242
122
121
187
245
185
33
27
83
253
6
112
91
141
42
18
97
202
100
200
118
44
131
14
99
164
154
252
61
195
102
132
199
88
227
138
73
97
92
152
167
0
1
98
209
244
19
255
142
26
221
7
141
81
183
8
25
45
212
218
99
13
127
54
228
201
165
201
178
48
193
108
78
29
191
250
26
227
245
255
48
188
110
200
156
51
30
121
181
214
200
252
53
161
44
167
223
158
54
127
209
65
140
124
154
61
236
33
130
161
233
80
84
64
193
96
120
16
55
2
11
152
186
14
172
119
168
28
26
114
64
15
60
105
128
209
66
125
78
131
247
86
20
160
103
29
56
4
0
44
209
135
148
215
99
79
46
216
220
168
140
8
77
160
144
0
221
124
186
218
161
98
203
240
89
156
177
72
94
5
39
201
226
146
16
151
60
156
198
12
43
85
159
164
60
119
5
15
194
214
206
80
167
180
102
67
152
194
245
27
144
127
180
56
121
169
119
79
77
140
151
101
184
234
109
63
6
104
247
61
51
189
72
78
99
131
193
252
177
75
135
93
130
209
47
16
11
175
252
17
8
57
237
86
149
115
110
2
133
125
87
70
92
200
139
127
123
255
247
124
39
180
25
177
71
236
216
70
42
212
190
211
209
159
130
247
38
143
15
77
150
177
212
135
161
72
76
55
163
94
209
247
234
6
162
72
74
14
175
130
152
65
143
156
202
250
206
181
92
185
179
15
44
120
218
233
199
210
28
144
253
101
230
201
48
10
192
118
200
189
101
183
225
124
158
233
176
4
182
131
9
120
5
75
218
170
186
125
103
253
15
121
152
3
178
191
221
202
28
219
175
195
216
251
1
125
42
191
137
68
68
19
146
171
225
101
176
38
97
58
20
61
172
0
38
48
7
233
56
93
215
238
31
35
225
137
144
221
186
161
95
154
18
175
184
237
113
26
222
230
146
13
243
113
235
255
226
96
137
44
187
31
218
56
250
203
165
231
220
166
12
220
106
227
133
241
252
11
210
152
216
105
38
148
153
244
198
148
54
247
159
224
4
81
140
134
162
69
176
136
141
245
252
108
96
12
65
25
123
53
146
143
207
102
19
30
25
117
246
110
90
35
45
161
24
44
214
129
44
194
171
43
84
37
225
164
176
29
247
23
156
68
226
165
171
157
131
56
11
177
91
72
246
201
245
206
136
81
74
234
87
192
32
155
165
71
79
246
205
45
160
215
149
116
200
136
230
229
209
165
216
17
220
26
181
163
153
23
195
140
6
217
102
137
53
233
84
41
130
211
193
112
220
3
148
21
209
177
238
45
167
184
38
99
84
91
45
42
158
83
175
52
42
103
209
77
204
147
50
46
20
194
84
240
126
214
241
203
113
121
151
194
59
174
107
143
241
192
221
19
101
71
113
10
215
141
17
31
104
84
87
218
107
16
85
83
60
72
177
249
223
251
63
109
140
115
116
91
63
138
191
171
81
90
99
118
204
37
85
2
227
104
114
69
224
246
240
184
121
221
222
104
133
139
176
170
184
172
233
134
35
74
206
248
88
31
220
211
229
125
135
32
12
20
100
215
232
232
30
17
75
195
204
112
216
142
53
243
182
233
67
24
237
191
155
191
109
9
85
208
77
151
11
21
241
252
77
238
183
202
112
144
104
30
68
240
121
237
200
64
171
234
43
16
46
84
65
126
148
159
19
240
78
36
104
181
242
15
30
198
62
108
75
189
110
44
143
35
164
137
69
26
190
87
124
238
40
82
72
148
179
9
248
127
147
100
171
41
33
78
206
170
184
143
40
239
17
220
27
228
170
147
219
216
62
131
190
216
32
212
162
120
184
155
208
239
111
246
232
117
243
233
63
144
34
54
89
250
189
90
86
148
83
224
95
57
240
221
164
14
213
86
213
66
3
63
4
246
129
103
198
94
106
229
29
12
223
225
21
89
66
201
108
137
28
145
149
255
143
18
92
71
83
73
55
15
166
140
159
151
148
70
192
235
217
120
66
254
2
11
19
165
104
28
35
14
132
52
56
224
152
118
222
238
79
236
48
114
138
73
232
225
79
163
129
238
114
107
100
109
66
23
171
124
16
40
116
240
186
169
113
197
3
23
156
229
233
154
220
189
196
112
5
13
212
121
111
175
109
133
44
141
203
5
154
254
31
90
192
155
108
47
3
116
3
99
151
13
179
110
45
229
229
125
221
55
245
146
204
34
1
112
131
188
204
253
57
159
67
214
178
11
98
205
213
255
34
174
21
88
122
45
195
19
196
12
89
8
139
53
184
62
216
38
18
183
214
49
238
51
179
60
246
228
42
35
96
123
42
51
238
44
219
124
242
242
248
42
221
118
153
185
175
235
114
223
103
191
111
32
38
243
139
27
104
198
108
218
70
13
161
197
161
4
103
249
17
83
50
52
15
196
248
238
67
43
89
109
111
16
199
237
76
228
163
3
216
136
15
223
201
158
42
91
134
89
150
125
146
22
87
34
72
201
32
234
105
73
191
176
191
139
240
232
233
166
61
89
247
148
96
205
93
47
176
187
27
206
144
121
10
177
9
190
207
25
135
125
229
227
74
239
190
212
109
107
244
200
182
158
199
102
80
31
4
179
34
218
73
6
136
229
228
214
179
242
108
98
75
136
13
106
94
162
215
180
202
197
251
242
220
192
27
233
155
152
122
89
70
192
43
22
222
98
246
173
22
213
161
208
210
242
105
156
235
229
189
230
12
127
0
152
190
129
161
39
44
179
244
254
222
211
123
116
46
110
200
203
129
85
203
38
234
99
95
111
51
14
244
194
89
237
85
118
94
237
153
214
117
193
172
42
113
107
186
202
3
249
80
25
6
165
227
64
239
57
56
71
134
252
56
184
148
53
37
240
75
152
67
170
168
155
241
233
50
76
207
73
167
179
164
220
133
146
1
139
63
92
69
13
162
13
0
129
32
135
181
108
179
179
12
72
129
42
60
237
36
43
2
237
245
140
56
211
115
43
4
240
7
195
220
99
111
104
114
7
248
240
50
88
13
87
106
61
216
31
64
142
228
208
178
219
239
190
136
37
248
37
159
75
110
16
181
46
190
51
178
175
103
164
178
132
145
80
147
92
2
160
50
243
177
97
99
199
60
130
3
22
197
180
238
36
117
184
86
136
161
13
35
105
158
78
174
236
156
226
238
22
218
134
120
14
118
172
216
182
130
199
200
4
169
104
139
241
131
180
164
109
154
183
226
162
220
142
135
114
187
159
221
26
233
75
102
197
220
18
243
88
35
128
168
19
187
225
94
51
138
94
17
157
199
22
106
110
157
1
27
179
119
180
185
234
61
194
95
63
246
47
9
233
144
100
202
165
12
84
26
46
120
208
41
130
138
129
129
196
192
151
0
21
184
233
188
119
244
168
58
12
211
29
24
194
111
65
119
107
227
217
67
140
51
119
240
207
24
173
63
91
77
252
114
160
236
80
150
4
158
48
228
250
198
105
67
154
209
102
194
194
33
178
111
101
162
74
134
204
108
203
16
208
54
62
105
165
150
16
71
27
98
197
216
232
169
213
165
43
198
100
158
61
11
112
21
62
72
138
126
5
89
130
84
22
19
220
151
194
155
80
233
217
48
225
6
148
107
54
61
204
102
139
199
63
121
26
9
236
176
234
43
69
77
160
89
122
100
181
138
229
89
185
207
175
97
7
138
132
33
240
18
251
44
114
176
196
125
192
159
125
50
187
208
89
118
52
226
190
215
138
252
28
197
165
171
217
208
240
114
96
0
143
0
215
221
46
86
200
55
92
246
46
143
146
178
46
87
237
170
164
136
61
97
173
244
30
91
32
208
54
254
174
125
214
54
208
140
241
182
149
61
44
37
148
152
159
128
65
254
103
32
235
204
137
192
146
246
81
149
107
116
163
200
238
103
8
203
126
89
48
53
75
32
107
170
104
205
209
3
34
19
249
199
44
35
5
97
80
149
98
106
98
243
198
144
124
252
39
78
43
54
132
85
4
151
176
19
72
40
212
140
21
148
33
246
42
123
232
155
38
75
49
186
219
44
106
94
206
83
1
85
102
139
227
110
84
49
111
0
167
219
81
171
186
209
178
0
34
63
21
94
235
58
118
187
18
134
239
133
79
78
102
212
243
131
147
253
206
73
188
74
43
103
187
218
214
188
89
74
134
103
166
14
54
67
178
240
255
61
192
151
133
246
95
1
71
193
208
231
153
233
155
129
85
158
7
187
195
90
68
59
111
60
33
155
68
163
30
94
152
86
25
200
183
143
108
164
125
227
115
212
227
234
88
19
5
14
2
70
206
38
15
155
173
80
192
83
174
207
237
160
42
238
221
18
42
98
189
8
165
109
105
117
66
161
122
2
143
222
55
245
197
117
44
54
255
95
161
4
6
126
186
50
162
63
251
198
231
231
155
4
205
75
2
246
48
149
81
192
77
235
50
103
86
50
41
50
141
116
171
146
23
205
202
238
55
219
155
205
173
224
192
116
86
101
63
201
113
166
199
175
1
182
135
143
36
99
209
112
61
57
160
224
115
174
241
123
74
81
161
216
88
215
249
47
191
144
177
147
222
38
123
148
242
85
187
74
14
158
70
157
249
207
18
88
160
77
202
26
142
252
166
36
234
227
244
98
76
19
105
197
161
77
37
235
92
68
159
72
155
213
71
144
125
131
157
170
185
78
0
18
58
5
22
214
13
99
110
115
97
155
129
50
208
35
243
231
245
202
147
86
108
155
240
148
89
4
199
67
184
163
25
165
112
198
155
72
249
190
103
181
218
188
20
47
58
67
51
191
52
108
174
38
169
59
24
207
124
11
200
206
61
123
111
224
203
46
238
218
128
198
82
156
41
132
102
75
255
149
105
61
104
228
233
74
209
102
207
50
179
78
75
207
197
88
124
134
175
88
237
195
112
151
59
238
130
38
196
219
26
153
197
74
173
66
23
185
155
29
231
33
127
190
117
148
22
200
114
164
68
155
48
63
137
155
31
213
25
44
214
219
105
107
51
29
134
208
115
125
57
241
41
213
105
157
173
182
0
13
36
159
164
18
167
92
219
153
197
134
111
62
7
204
228
31
41
111
59
31
184
15
37
163
200
60
226
191
48
5
156
87
42
184
101
47
239
161
11
80
233
227
148
54
59
81
152
208
120
250
43
202
226
217
20
177
207
37
107
157
40
45
187
14
141
37
228
247
17
252
4
53
0
215
110
160
157
63
64
52
234
48
251
6
205
126
13
187
102
102
239
61
83
25
25
80
128
32
0
245
163
175
68
213
139
227
239
48
220
233
254
12
216
199
201
151
199
225
40
49
76
206
121
80
162
179
8
9
231
90
62
25
120
177
106
189
168
109
62
47
137
165
32
179
108
127
214
158
107
12
149
68
127
122
225
143
226
168
47
81
178
230
141
141
70
101
0
54
0
0
0
0
0
120
93
26
223
223
195
83
219
0
1
225
81
128
92
0
0
110
155
193
147
177
196
103
251
2
0
0
0
0
4
89
90